Best K = 4
Accuracy = 0.5275
Precision = 0.5267034990791897
Recall = 0.7027027027027027
F1 measure = 0.6021052631578947