Best K = 2
Accuracy = 0.49375
Precision = 0.4746450304259635
Recall = 0.6157894736842106
F1 measure = 0.5360824742268041